[1] 0.0313023
[1] 0.2396585
[1] 0.9929588
[1] -0.2827339
[1] -0.144485
[1] -0.2712282
[1] -0.2414656
[1] -0.108336
[1] -0.09216596
[1] -0.09344457
[1] -0.1577091
[1] 0.01005014
[1] -0.1382882
[1] -0.1916395
[1] -0.2485246
[1] -0.2568486
[1] 0.2154998
[1] -0.03399766
[1] -0.1374651
[1] -0.1278853
[1] -0.1235954
[1] -0.1640578
[1] -0.1666479
[1] -0.1640581
[1] -0.1666478
[1] -0.05247473
[1] -0.085099
[1] -0.2595368
[1] -0.2443102
[1] -0.1640564
[1] -0.1666476
[1] -0.1640564
[1] -0.1666478
[1] -0.2595368
[1] -0.2443102
[1] -0.1605832
[1] -0.144086
